1.5 75084043.32338229
2.5 41917170.326185696
3.5 44638379.56434863
4.5 61949914.09828081
5.5 87669845.31260288
6.5 119900987.33834527
7.5 223634527.55493236
8.5 1776089665.2278535
9.5 1774391203.5929248
10.5 147520565.4025899
11.5 213022169.64519757
12.5 83633619.09624048
13.5 89796553.48144448
14.5 101334848.16329975
15.5 112962006.33288543
16.5 124315524.58732587
17.5 135085593.49813536
18.5 145175752.645837
19.5 154329132.68321332
20.5 162462502.02786705
21.5 169524831.2647073
22.5 175476524.94244194
23.5 180332572.3030801
24.5 184098656.71151382
25.5 186875924.18663195
26.5 188735222.09160697
27.5 189722320.89449432
28.5 189922269.29322028
29.5 189428859.4521338
30.5 188342902.7212146
31.5 186745869.4434661
32.5 184705172.92121089
33.5 182285617.8625945
34.5 179557027.58913866
35.5 176574172.796793
36.5 173388505.62863106
37.5 170039212.49067563
38.5 166575581.68016282
39.5 163028031.83812454
40.5 159419348.41569692
41.5 155772014.46917427
42.5 152108238.87070295
43.5 148451617.2129626
44.5 144814728.65384588
45.5 141207894.29716226
46.5 137632778.5580727
47.5 134108400.46100177
48.5 130636064.67504235
49.5 127223580.67463323
50.5 123868945.51990525
51.5 120582909.48284294
52.5 117367082.64621517
53.5 114220568.35337777
54.5 111142268.69558243
55.5 108133686.76621568
56.5 105197383.04597071
57.5 307779978.96811265
58.5 99533255.784083
59.5 460515314.5929095
60.5 94148225.26427853
61.5 91561600.49922079
62.5 89038262.80625494
63.5 86575696.42797346
64.5 84176879.9348052
65.5 81839854.10718085
66.5 122634479.1008854
67.5 162973401.40602967
68.5 75159548.57512972
69.5 101025155.22478743
70.5 59224459.25349562
71.5 57902455.69879363
72.5 56600914.21589456
73.5 55317683.04985675
74.5 54043524.240004174
75.5 52779382.3125895
76.5 51524610.22159922
77.5 50280553.15515709
78.5 49050477.824708916
79.5 47830788.21646581
80.5 46622725.719089575
81.5 45426869.17475496
82.5 44246155.19923772
83.5 43078025.44497626
84.5 41922800.03068082
85.5 40780032.57684534
86.5 39651322.44183306
87.5 38536852.099454656
88.5 37434673.97024959
89.5 36345628.75877371
90.5 35270390.79817292
91.5 34208584.97740635
92.5 33159344.054986507
93.5 32122768.75372791
94.5 31099559.822546903
95.5 30088719.82640256
96.5 29089829.85288198
97.5 28102314.51355797
98.5 27126941.971042875
99.5 26162696.311631978
100.5 25208415.757612243
101.5 24264749.974586464
102.5 23331536.38807441
103.5 22408980.230245095
104.5 21494991.028576266
105.5 20590001.790188607
106.5 19693109.080827832
107.5 18805008.773668937
108.5 17924039.450167846
109.5 17050046.432673033
110.5 16182374.63508251
111.5 15321192.63740504
112.5 14465798.950445961
113.5 13614095.776970599
114.5 12766816.555192778
115.5 11923206.436133666
116.5 11083532.846463958
117.5 10245973.886275778
118.5 9410962.431752974
119.5 8578459.1113904
120.5 7749371.415594798
121.5 6923577.155148592
122.5 6101618.981256655
123.5 5285285.603323834
124.5 4475525.567924717
125.5 3673405.666434912
126.5 2880749.161674646
127.5 2097880.2236406975
128.5 1319628.9953542647
129.5 494965.4345105648
